132.00, 170.00, 0.50
132.14, 170.22, 0.50
132.25, 170.48, 0.50
132.33, 170.76, 0.50
132.38, 171.06, 0.50
132.39, 171.38, 0.50
132.36, 171.71, 0.50
132.28, 172.05, 0.50
132.16, 172.40, 0.50
131.99, 172.73, 0.50
131.77, 173.06, 0.50
131.50, 173.38, 0.50
131.19, 173.67, 0.50
130.83, 173.93, 0.50
130.44, 174.15, 0.50
130.00, 174.34, 0.50
129.53, 174.48, 0.50
129.03, 174.56, 0.50
128.51, 174.59, 0.50
127.97, 174.56, 0.50
127.42, 174.47, 0.50
126.87, 174.31, 0.50
126.32, 174.08, 0.50
125.79, 173.79, 0.50
125.28, 173.43, 0.50
124.80, 173.00, 0.50
124.36, 172.51, 0.50
123.97, 171.96, 0.50
123.63, 171.35, 0.50
123.35, 170.70, 0.50
123.14, 170.00, 0.50
123.00, 169.26, 0.50
122.94, 168.50, 0.50
122.97, 167.72, 0.50
123.09, 166.92, 0.50
123.29, 166.13, 0.50
123.59, 165.34, 0.50
123.98, 164.58, 0.50
124.46, 163.84, 0.50
125.02, 163.15, 0.50
125.68, 162.51, 0.50
126.41, 161.93, 0.50
127.21, 161.42, 0.50
128.09, 161.00, 0.50
129.02, 160.66, 0.50
130.00, 160.43, 0.50
131.02, 160.29, 0.50
132.07, 160.27, 0.50
133.13, 160.36, 0.50
134.20, 160.56, 0.50
135.26, 160.89, 0.50
136.30, 161.33, 0.50
137.30, 161.90, 0.50
138.25, 162.57, 0.50
139.14, 163.36, 0.50
139.95, 164.26, 0.50
140.67, 165.25, 0.50
141.30, 166.33, 0.50
141.81, 167.49, 0.50
142.21, 168.72, 0.50
142.48, 170.00, 0.50
142.61, 171.32, 0.50
142.59, 172.68, 0.50
142.44, 174.04, 0.50
142.13, 175.40, 0.50
141.68, 176.74, 0.50
141.07, 178.05, 0.50
140.32, 179.30, 0.50
139.43, 180.48, 0.50
138.41, 181.57, 0.50
137.26, 182.57, 0.50
135.99, 183.45, 0.50
134.61, 184.20, 0.50
133.15, 184.81, 0.50
131.60, 185.27, 0.50
130.00, 185.56, 0.50
128.35, 185.69, 0.50
126.68, 185.64, 0.50
124.99, 185.41, 0.50
123.32, 185.00, 0.50
121.68, 184.40, 0.50
120.10, 183.63, 0.50
118.58, 182.68, 0.50
117.15, 181.57, 0.50
115.84, 180.29, 0.50
114.65, 178.86, 0.50
113.61, 177.30, 0.50
112.72, 175.61, 0.50
112.01, 173.82, 0.50
111.49, 171.95, 0.50
111.16, 170.00, 0.50
111.04, 168.01, 0.50
111.13, 165.99, 0.50
111.44, 163.97, 0.50
111.96, 161.97, 0.50
112.70, 160.01, 0.50
113.66, 158.13, 0.50
114.82, 156.33, 0.50
116.18, 154.65, 0.50
117.72, 153.10, 0.50
119.44, 151.71, 0.50
121.31, 150.49, 0.50
123.33, 149.46, 0.50
125.46, 148.65, 0.50
127.69, 148.06, 0.50
130.00, 147.70, 0.50
132.36, 147.59, 0.50
134.74, 147.72, 0.50
137.11, 148.11, 0.50
139.46, 148.76, 0.50
141.75, 149.65, 0.50
143.95, 150.80, 0.50
146.05, 152.18, 0.50
148.00, 153.79, 0.50
149.79, 155.62, 0.50
151.40, 157.64, 0.50
152.80, 159.85, 0.50
153.97, 162.21, 0.50
154.90, 164.71, 0.50
155.56, 167.31, 0.50
155.95, 170.00, 0.50
156.06, 172.74, 0.50
155.87, 175.50, 0.50
155.40, 178.25, 0.50
154.62, 180.96, 0.50
153.56, 183.60, 0.50
152.22, 186.14, 0.50
150.60, 188.55, 0.50
148.72, 190.79, 0.50
146.59, 192.84, 0.50
144.24, 194.67, 0.50
141.69, 196.26, 0.50
138.96, 197.59, 0.50
136.08, 198.63, 0.50
133.09, 199.36, 0.50
130.00, 199.79, 0.50
126.86, 199.89, 0.50
123.70, 199.65, 0.50
120.55, 199.08, 0.50
117.45, 198.18, 0.50
114.45, 196.94, 0.50
111.56, 195.38, 0.50
108.83, 193.51, 0.50
106.29, 191.35, 0.50
103.97, 188.91, 0.50
101.90, 186.22, 0.50
100.11, 183.31, 0.50
98.62, 180.19, 0.50
97.46, 176.92, 0.50
96.65, 173.51, 0.50
96.19, 170.00, 0.50
96.10, 166.44, 0.50
96.39, 162.85, 0.50
97.06, 159.30, 0.50
98.10, 155.80, 0.50
99.52, 152.40, 0.50
101.30, 149.15, 0.50
103.43, 146.07, 0.50
105.89, 143.22, 0.50
108.65, 140.62, 0.50
111.70, 138.30, 0.50
115.00, 136.31, 0.50
118.52, 134.65, 0.50
122.21, 133.37, 0.50
126.06, 132.47, 0.50
130.00, 131.97, 0.50
134.01, 131.90, 0.50
138.03, 132.24, 0.50
142.02, 133.01, 0.50
145.94, 134.21, 0.50
149.74, 135.82, 0.50
153.37, 137.83, 0.50
156.80, 140.23, 0.50
159.98, 143.00, 0.50
162.88, 146.11, 0.50
165.45, 149.53, 0.50
167.67, 153.23, 0.50
169.50, 157.17, 0.50
170.91, 161.30, 0.50
171.90, 165.60, 0.50
172.43, 170.00, 0.50
172.67, 172.24, 0.50
172.79, 174.50, 0.50
172.79, 176.78, 0.50
172.68, 179.07, 0.50
172.44, 181.37, 0.50
172.07, 183.67, 0.50
171.58, 185.96, 0.50
170.97, 188.24, 0.50
170.23, 190.50, 0.50
169.37, 192.73, 0.50
168.39, 194.93, 0.50
167.28, 197.09, 0.50
166.05, 199.19, 0.50
164.71, 201.25, 0.50
163.24, 203.24, 0.50
161.67, 205.17, 0.50
159.98, 207.02, 0.50
158.19, 208.79, 0.50
156.29, 210.48, 0.50
154.29, 212.07, 0.50
152.20, 213.57, 0.50
150.02, 214.96, 0.50
147.75, 216.25, 0.50
145.41, 217.42, 0.50
142.99, 218.47, 0.50
140.50, 219.39, 0.50
137.95, 220.19, 0.50
135.34, 220.86, 0.50
132.69, 221.39, 0.50
130.00, 221.79, 0.50
127.27, 222.04, 0.50
124.52, 222.15, 0.50
121.74, 222.12, 0.50
118.96, 221.93, 0.50
116.17, 221.60, 0.50
113.39, 221.12, 0.50
110.62, 220.49, 0.50
107.87, 219.71, 0.50
105.15, 218.78, 0.50
102.46, 217.70, 0.50
99.82, 216.47, 0.50
97.23, 215.10, 0.50
94.71, 213.58, 0.50
92.25, 211.92, 0.50
89.87, 210.13, 0.50
87.57, 208.20, 0.50
85.37, 206.14, 0.50
83.27, 203.95, 0.50
81.27, 201.64, 0.50
79.38, 199.22, 0.50
77.62, 196.69, 0.50
75.98, 194.05, 0.50
74.48, 191.31, 0.50
73.11, 188.48, 0.50
71.89, 185.57, 0.50
70.81, 182.58, 0.50
69.89, 179.52, 0.50
69.13, 176.39, 0.50
68.53, 173.22, 0.50
68.10, 170.00, 0.50
67.84, 166.74, 0.50
67.74, 163.45, 0.50
67.82, 160.15, 0.50
68.08, 156.84, 0.50
68.51, 153.52, 0.50
69.12, 150.22, 0.50
69.91, 146.93, 0.50
70.87, 143.67, 0.50
72.01, 140.45, 0.50
73.33, 137.28, 0.50
74.82, 134.16, 0.50
76.48, 131.11, 0.50
78.31, 128.14, 0.50
80.30, 125.25, 0.50
82.46, 122.45, 0.50
84.77, 119.76, 0.50
87.23, 117.18, 0.50
89.84, 114.72, 0.50
92.59, 112.39, 0.50
95.47, 110.19, 0.50
98.49, 108.14, 0.50
101.62, 106.24, 0.50
104.86, 104.50, 0.50
108.21, 102.92, 0.50
111.65, 101.51, 0.50
115.19, 100.29, 0.50
118.80, 99.24, 0.50
122.48, 98.38, 0.50
126.22, 97.71, 0.50
130.00, 97.24, 0.50
133.83, 96.96, 0.50
137.69, 96.89, 0.50
141.56, 97.02, 0.50
145.45, 97.36, 0.50
149.32, 97.90, 0.50
153.19, 98.65, 0.50
157.03, 99.61, 0.50
160.83, 100.77, 0.50
164.58, 102.14, 0.50
168.28, 103.71, 0.50
171.91, 105.48, 0.50
175.45, 107.45, 0.50
178.90, 109.62, 0.50
182.26, 111.97, 0.50
185.49, 114.51, 0.50
188.61, 117.23, 0.50
191.59, 120.13, 0.50
194.43, 123.19, 0.50
197.12, 126.42, 0.50
199.65, 129.79, 0.50
202.01, 133.32, 0.50
204.19, 136.98, 0.50
206.18, 140.76, 0.50
207.98, 144.67, 0.50
209.58, 148.68, 0.50
210.98, 152.79, 0.50
212.16, 156.99, 0.50
213.12, 161.27, 0.50
213.86, 165.61, 0.50
214.38, 170.01, 0.50
214.66, 174.44, 0.50
214.71, 178.91, 0.50
214.52, 183.39, 0.50
214.10, 187.88, 0.50
213.44, 192.36, 0.50
212.54, 196.83, 0.50
211.40, 201.25, 0.50
210.02, 205.64, 0.50
208.41, 209.96, 0.50
208.41, 220.02, 1.00
208.72, 220.20, 1.00
209.06, 220.73, 1.00
209.46, 221.61, 1.00
209.96, 222.81, 1.00
210.58, 224.32, 1.00
211.34, 226.09, 1.00
212.27, 228.09, 1.00
213.38, 230.28, 1.00
214.68, 232.61, 1.00
216.17, 235.04, 1.00
217.84, 237.50, 1.00
219.70, 239.95, 1.00
221.72, 242.33, 1.00
223.88, 244.60, 1.00
226.16, 246.71, 1.00
228.53, 248.61, 1.00
230.95, 250.25, 1.00
233.38, 251.62, 1.00
235.78, 252.67, 1.00
238.11, 253.38, 1.00
240.32, 253.73, 1.00
242.38, 253.72, 1.00
244.22, 253.35, 1.00
245.82, 252.62, 1.00
247.14, 251.53, 1.00
248.14, 250.12, 1.00
248.80, 248.41, 1.00
249.09, 246.42, 1.00
248.99, 244.20, 1.00
248.50, 241.77, 1.00
247.61, 239.19, 1.00
246.33, 236.51, 1.00
244.67, 233.76, 1.00
242.65, 230.99, 1.00
240.29, 228.25, 1.00
237.63, 225.58, 1.00
234.72, 223.02, 1.00
231.59, 220.61, 1.00
228.29, 218.38, 1.00
224.87, 216.36, 1.00
221.40, 214.57, 1.00
217.93, 213.02, 1.00
214.51, 211.72, 1.00
211.21, 210.68, 1.00
208.07, 209.89, 1.00
205.16, 209.33, 1.00
202.51, 209.00, 1.00
200.18, 208.88, 1.00
198.19, 208.93, 1.00
196.58, 209.12, 1.00
195.37, 209.43, 1.00
194.59, 209.81, 1.00
194.23, 210.23, 1.00
194.29, 210.66, 1.00
194.78, 211.04, 1.00
195.67, 211.36, 1.00
196.94, 211.57, 1.00
198.55, 211.64, 1.00
200.48, 211.56, 1.00
202.68, 211.30, 1.00
205.11, 210.84, 1.00
207.70, 210.17, 1.00
210.42, 209.30, 1.00
213.20, 208.22, 1.00
215.99, 206.94, 1.00
218.73, 205.48, 1.00
221.38, 203.87, 1.00
223.88, 202.12, 1.00
226.18, 200.27, 1.00
228.25, 198.35, 1.00
230.05, 196.41, 1.00
231.56, 194.49, 1.00
232.73, 192.62, 1.00
233.57, 190.86, 1.00
234.07, 189.24, 1.00
234.22, 187.81, 1.00
234.02, 186.61, 1.00
233.50, 185.67, 1.00
232.67, 185.02, 1.00
231.55, 184.69, 1.00
230.19, 184.70, 1.00
228.61, 185.07, 1.00
226.85, 185.79, 1.00
224.95, 186.87, 1.00
222.96, 188.30, 1.00
220.93, 190.06, 1.00
218.89, 192.14, 1.00
216.89, 194.50, 1.00
214.96, 197.11, 1.00
213.15, 199.92, 1.00
211.49, 202.90, 1.00
210.00, 205.99, 1.00
208.71, 209.13, 1.00
207.64, 212.28, 1.00
206.78, 215.38, 1.00
206.16, 218.37, 1.00
205.76, 221.19, 1.00
205.58, 223.81, 1.00
205.60, 226.16, 1.00
205.81, 228.21, 1.00
206.17, 229.92, 1.00
206.67, 231.26, 1.00
207.26, 232.19, 1.00
207.92, 232.71, 1.00
208.60, 232.81, 1.00
209.27, 232.48, 1.00
209.90, 231.72, 1.00
210.44, 230.56, 1.00
210.87, 229.02, 1.00
211.15, 227.11, 1.00
211.26, 224.89, 1.00
211.17, 222.38, 1.00
210.87, 219.64, 1.00
210.34, 216.72, 1.00
209.59, 213.67, 1.00
208.61, 210.54, 1.00
207.41, 207.38, 1.00
206.01, 204.26, 1.00
204.42, 201.23, 1.00
202.68, 198.34, 1.00
200.80, 195.64, 1.00
198.83, 193.17, 1.00
196.80, 190.96, 1.00
194.76, 189.06, 1.00
192.75, 187.48, 1.00
190.81, 186.25, 1.00
188.99, 185.37, 1.00
187.33, 184.85, 1.00
185.86, 184.69, 1.00
184.64, 184.87, 1.00
183.68, 185.38, 1.00
183.02, 186.20, 1.00
182.68, 187.29, 1.00
182.68, 188.62, 1.00
183.03, 190.16, 1.00
183.72, 191.87, 1.00
184.75, 193.69, 1.00
186.12, 195.60, 1.00
187.79, 197.53, 1.00
189.75, 199.47, 1.00
191.96, 201.35, 1.00
194.38, 203.14, 1.00
196.98, 204.82, 1.00
199.69, 206.35, 1.00
202.47, 207.71, 1.00
205.26, 208.87, 1.00
208.01, 209.84, 1.00
210.67, 210.59, 1.00
213.18, 211.14, 1.00
215.49, 211.49, 1.00
217.55, 211.65, 1.00
219.31, 211.63, 1.00
220.74, 211.48, 1.00
221.80, 211.20, 1.00
222.47, 210.84, 1.00
222.72, 210.42, 1.00
222.56, 209.99, 1.00
221.96, 209.59, 1.00
220.94, 209.24, 1.00
219.51, 208.99, 1.00
217.69, 208.86, 1.00
215.51, 208.91, 1.00
212.99, 209.14, 1.00
210.19, 209.58, 1.00
207.15, 210.26, 1.00
203.92, 211.19, 1.00
200.55, 212.37, 1.00
197.10, 213.81, 1.00
193.62, 215.49, 1.00
190.18, 217.40, 1.00
186.82, 219.54, 1.00
183.61, 221.87, 1.00
180.60, 224.36, 1.00
177.82, 226.97, 1.00
175.33, 229.68, 1.00
173.16, 232.43, 1.00
171.34, 235.19, 1.00
169.89, 237.90, 1.00
168.83, 240.53, 1.00
168.17, 243.01, 1.00
167.90, 245.32, 1.00
168.02, 247.41, 1.00
168.51, 249.24, 1.00
169.37, 250.78, 1.00
170.55, 252.00, 1.00
172.03, 252.88, 1.00
173.77, 253.40, 1.00
175.73, 253.56, 1.00
177.88, 253.35, 1.00
180.16, 252.79, 1.00
182.53, 251.87, 1.00
184.95, 250.64, 1.00
187.37, 249.10, 1.00
189.76, 247.29, 1.00
192.08, 245.26, 1.00
194.30, 243.05, 1.00
196.38, 240.70, 1.00
198.30, 238.26, 1.00
200.05, 235.79, 1.00
201.61, 233.33, 1.00
202.98, 230.94, 1.00
204.16, 228.67, 1.00
205.16, 226.57, 1.00
205.99, 224.68, 1.00
206.66, 223.05, 1.00
207.19, 221.70, 1.00
207.63, 220.66, 1.00
207.98, 219.96, 1.00
208.28, 219.62, 1.00
242.00, 360.00, 0.50
242.14, 360.22, 0.50
242.25, 360.48, 0.50
242.33, 360.76, 0.50
242.38, 361.06, 0.50
242.39, 361.38, 0.50
242.36, 361.71, 0.50
242.28, 362.05, 0.50
242.16, 362.40, 0.50
241.99, 362.73, 0.50
241.77, 363.06, 0.50
241.50, 363.38, 0.50
241.19, 363.67, 0.50
240.83, 363.93, 0.50
240.44, 364.15, 0.50
240.00, 364.34, 0.50
239.53, 364.48, 0.50
239.03, 364.56, 0.50
238.51, 364.59, 0.50
237.97, 364.56, 0.50
237.42, 364.47, 0.50
236.87, 364.31, 0.50
236.32, 364.08, 0.50
235.79, 363.79, 0.50
235.28, 363.43, 0.50
234.80, 363.00, 0.50
234.36, 362.51, 0.50
233.97, 361.96, 0.50
233.63, 361.35, 0.50
233.35, 360.70, 0.50
233.14, 360.00, 0.50
233.00, 359.26, 0.50
232.94, 358.50, 0.50
232.97, 357.72, 0.50
233.09, 356.92, 0.50
233.29, 356.13, 0.50
233.59, 355.34, 0.50
233.98, 354.58, 0.50
234.46, 353.84, 0.50
235.02, 353.15, 0.50
235.68, 352.51, 0.50
236.41, 351.93, 0.50
237.21, 351.42, 0.50
238.09, 351.00, 0.50
239.02, 350.66, 0.50
240.00, 350.43, 0.50
241.02, 350.29, 0.50
242.07, 350.27, 0.50
243.13, 350.36, 0.50
244.20, 350.56, 0.50
245.26, 350.89, 0.50
246.30, 351.33, 0.50
247.30, 351.90, 0.50
248.25, 352.57, 0.50
249.14, 353.36, 0.50
249.95, 354.26, 0.50
250.67, 355.25, 0.50
251.30, 356.33, 0.50
251.81, 357.49, 0.50
252.21, 358.72, 0.50
252.48, 360.00, 0.50
252.61, 361.32, 0.50
252.59, 362.68, 0.50
252.44, 364.04, 0.50
252.13, 365.40, 0.50
251.68, 366.74, 0.50
251.07, 368.05, 0.50
250.32, 369.30, 0.50
249.43, 370.48, 0.50
248.41, 371.57, 0.50
247.26, 372.57, 0.50
245.99, 373.45, 0.50
244.61, 374.20, 0.50
243.15, 374.81, 0.50
241.60, 375.27, 0.50
240.00, 375.56, 0.50
238.35, 375.69, 0.50
236.68, 375.64, 0.50
234.99, 375.41, 0.50
233.32, 375.00, 0.50
231.68, 374.40, 0.50
230.10, 373.63, 0.50
228.58, 372.68, 0.50
227.15, 371.57, 0.50
225.84, 370.29, 0.50
224.65, 368.86, 0.50
223.61, 367.30, 0.50
222.72, 365.61, 0.50
222.01, 363.82, 0.50
221.49, 361.95, 0.50
221.16, 360.00, 0.50
221.04, 358.01, 0.50
221.13, 355.99, 0.50
221.44, 353.97, 0.50
221.96, 351.97, 0.50
222.70, 350.01, 0.50
223.66, 348.13, 0.50
224.82, 346.33, 0.50
226.18, 344.65, 0.50
227.72, 343.10, 0.50
229.44, 341.71, 0.50
231.31, 340.49, 0.50
233.33, 339.46, 0.50
235.46, 338.65, 0.50
237.69, 338.06, 0.50
240.00, 337.70, 0.50
242.36, 337.59, 0.50
244.74, 337.72, 0.50
247.11, 338.11, 0.50
249.46, 338.76, 0.50
251.75, 339.65, 0.50
253.95, 340.80, 0.50
256.05, 342.18, 0.50
258.00, 343.79, 0.50
259.79, 345.62, 0.50
261.40, 347.64, 0.50
262.80, 349.85, 0.50
263.97, 352.21, 0.50
264.90, 354.71, 0.50
265.56, 357.31, 0.50
265.95, 360.00, 0.50
266.06, 362.74, 0.50
265.87, 365.50, 0.50
265.40, 368.25, 0.50
264.62, 370.96, 0.50
263.56, 373.60, 0.50
262.22, 376.14, 0.50
260.60, 378.55, 0.50
258.72, 380.79, 0.50
256.59, 382.84, 0.50
254.24, 384.67, 0.50
251.69, 386.26, 0.50
248.96, 387.59, 0.50
246.08, 388.63, 0.50
243.09, 389.36, 0.50
240.00, 389.79, 0.50
236.86, 389.89, 0.50
233.70, 389.65, 0.50
230.55, 389.08, 0.50
227.45, 388.18, 0.50
224.45, 386.94, 0.50
221.56, 385.38, 0.50
218.83, 383.51, 0.50
216.29, 381.35, 0.50
213.97, 378.91, 0.50
211.90, 376.22, 0.50
210.11, 373.31, 0.50
208.62, 370.19, 0.50
207.46, 366.92, 0.50
206.65, 363.51, 0.50
206.19, 360.00, 0.50
206.10, 356.44, 0.50
206.39, 352.85, 0.50
207.06, 349.29, 0.50
208.10, 345.80, 0.50
209.52, 342.40, 0.50
211.30, 339.15, 0.50
213.43, 336.07, 0.50
215.89, 333.22, 0.50
218.65, 330.62, 0.50
221.70, 328.30, 0.50
225.00, 326.31, 0.50
228.52, 324.65, 0.50
232.21, 323.37, 0.50
236.06, 322.47, 0.50
240.00, 321.98, 0.50
244.01, 321.90, 0.50
248.03, 322.24, 0.50
252.02, 323.01, 0.50
255.94, 324.21, 0.50
259.74, 325.82, 0.50
263.37, 327.83, 0.50
266.80, 330.23, 0.50
269.98, 333.00, 0.50
272.88, 336.11, 0.50
275.45, 339.53, 0.50
277.67, 343.23, 0.50
279.50, 347.17, 0.50
280.91, 351.30, 0.50
281.90, 355.60, 0.50
282.43, 360.00, 0.50
282.67, 362.24, 0.50
282.79, 364.50, 0.50
282.79, 366.78, 0.50
282.68, 369.07, 0.50
282.44, 371.37, 0.50
282.07, 373.67, 0.50
281.58, 375.96, 0.50
280.97, 378.24, 0.50
280.23, 380.50, 0.50
279.37, 382.73, 0.50
278.39, 384.93, 0.50
277.28, 387.09, 0.50
276.05, 389.19, 0.50
274.71, 391.25, 0.50
273.24, 393.24, 0.50
271.67, 395.17, 0.50
269.98, 397.02, 0.50
268.19, 398.79, 0.50
266.29, 400.48, 0.50
264.29, 402.07, 0.50
262.20, 403.57, 0.50
260.02, 404.96, 0.50
257.75, 406.25, 0.50
255.41, 407.42, 0.50
252.99, 408.47, 0.50
250.50, 409.39, 0.50
247.95, 410.19, 0.50
245.34, 410.86, 0.50
242.69, 411.39, 0.50
240.00, 411.79, 0.50
237.27, 412.04, 0.50
234.52, 412.15, 0.50
231.74, 412.12, 0.50
228.96, 411.93, 0.50
226.17, 411.60, 0.50
223.39, 411.12, 0.50
220.62, 410.49, 0.50
217.87, 409.71, 0.50
215.15, 408.78, 0.50
212.46, 407.70, 0.50
209.82, 406.47, 0.50
207.23, 405.10, 0.50
204.71, 403.58, 0.50
202.25, 401.92, 0.50
199.87, 400.13, 0.50
197.57, 398.20, 0.50
195.37, 396.14, 0.50
193.27, 393.95, 0.50
191.27, 391.64, 0.50
189.38, 389.22, 0.50
187.62, 386.69, 0.50
185.98, 384.05, 0.50
184.48, 381.31, 0.50
183.11, 378.48, 0.50
181.89, 375.57, 0.50
180.81, 372.58, 0.50
179.89, 369.52, 0.50
179.13, 366.39, 0.50
178.53, 363.22, 0.50
178.10, 360.00, 0.50
177.84, 356.74, 0.50
177.74, 353.45, 0.50
177.82, 350.15, 0.50
178.08, 346.84, 0.50
178.51, 343.52, 0.50
179.12, 340.22, 0.50
179.91, 336.93, 0.50
180.87, 333.67, 0.50
182.01, 330.45, 0.50
183.33, 327.28, 0.50
184.82, 324.16, 0.50
186.48, 321.11, 0.50
188.31, 318.14, 0.50
190.30, 315.25, 0.50
192.46, 312.45, 0.50
194.77, 309.76, 0.50
197.23, 307.18, 0.50
199.84, 304.72, 0.50
202.59, 302.39, 0.50
205.47, 300.19, 0.50
208.49, 298.14, 0.50
211.62, 296.24, 0.50
214.86, 294.50, 0.50
218.21, 292.92, 0.50
221.65, 291.51, 0.50
225.19, 290.29, 0.50
228.80, 289.24, 0.50
232.48, 288.38, 0.50
236.22, 287.71, 0.50
240.00, 287.24, 0.50
243.83, 286.96, 0.50
247.69, 286.89, 0.50
251.56, 287.02, 0.50
255.45, 287.36, 0.50
259.32, 287.90, 0.50
263.19, 288.65, 0.50
267.03, 289.61, 0.50
270.83, 290.77, 0.50
274.58, 292.14, 0.50
278.28, 293.71, 0.50
281.91, 295.48, 0.50
285.45, 297.45, 0.50
288.90, 299.62, 0.50
292.26, 301.97, 0.50
295.49, 304.51, 0.50
298.61, 307.24, 0.50
301.59, 310.13, 0.50
304.43, 313.19, 0.50
307.12, 316.42, 0.50
309.65, 319.79, 0.50
312.01, 323.32, 0.50
314.19, 326.98, 0.50
316.18, 330.76, 0.50
317.98, 334.67, 0.50
319.58, 338.68, 0.50
320.98, 342.79, 0.50
322.16, 346.99, 0.50
323.12, 351.27, 0.50
323.86, 355.61, 0.50
324.38, 360.01, 0.50
324.66, 364.44, 0.50
324.71, 368.91, 0.50
324.52, 373.39, 0.50
324.10, 377.88, 0.50
323.44, 382.36, 0.50
322.54, 386.83, 0.50
321.40, 391.25, 0.50
320.02, 395.64, 0.50
318.41, 399.96, 0.50
316.56, 404.21, 0.50
314.49, 408.38, 0.50
312.18, 412.45, 0.50
309.66, 416.42, 0.50
306.92, 420.26, 0.50
303.96, 423.97, 0.50
300.80, 427.54, 0.50
297.44, 430.95, 0.50
293.89, 434.19, 0.50
290.16, 437.26, 0.50
286.26, 440.14, 0.50
282.19, 442.82, 0.50
277.97, 445.30, 0.50
273.60, 447.56, 0.50
269.10, 449.60, 0.50
264.48, 451.40, 0.50
259.75, 452.97, 0.50
254.92, 454.29, 0.50
250.01, 455.37, 0.50
245.03, 456.18, 0.50
245.03, 466.24, 1.00
245.34, 466.42, 1.00
245.68, 466.95, 1.00
246.08, 467.83, 1.00
246.58, 469.04, 1.00
247.20, 470.54, 1.00
247.97, 472.31, 1.00
248.90, 474.31, 1.00
250.00, 476.50, 1.00
251.30, 478.83, 1.00
252.79, 481.26, 1.00
254.46, 483.72, 1.00
256.32, 486.17, 1.00
258.34, 488.55, 1.00
260.50, 490.82, 1.00
262.78, 492.93, 1.00
265.15, 494.83, 1.00
267.57, 496.48, 1.00
270.00, 497.84, 1.00
272.40, 498.89, 1.00
274.73, 499.60, 1.00
276.95, 499.95, 1.00
279.00, 499.95, 1.00
280.84, 499.57, 1.00
282.44, 498.84, 1.00
283.76, 497.76, 1.00
284.76, 496.35, 1.00
285.42, 494.63, 1.00
285.71, 492.64, 1.00
285.61, 490.42, 1.00
285.12, 487.99, 1.00
284.23, 485.42, 1.00
282.95, 482.73, 1.00
281.29, 479.98, 1.00
279.27, 477.21, 1.00
276.91, 474.47, 1.00
274.26, 471.80, 1.00
271.34, 469.24, 1.00
268.21, 466.83, 1.00
264.91, 464.60, 1.00
261.49, 462.58, 1.00
258.02, 460.79, 1.00
254.55, 459.24, 1.00
251.13, 457.94, 1.00
247.83, 456.90, 1.00
244.70, 456.11, 1.00
241.78, 455.55, 1.00
239.13, 455.23, 1.00
236.80, 455.10, 1.00
234.81, 455.15, 1.00
233.20, 455.34, 1.00
232.00, 455.65, 1.00
231.21, 456.03, 1.00
230.85, 456.45, 1.00
230.92, 456.88, 1.00
231.40, 457.26, 1.00
232.29, 457.58, 1.00
233.56, 457.79, 1.00
235.17, 457.87, 1.00
237.10, 457.78, 1.00
239.30, 457.52, 1.00
241.73, 457.06, 1.00
244.32, 456.39, 1.00
247.04, 455.52, 1.00
249.82, 454.44, 1.00
252.61, 453.16, 1.00
255.35, 451.71, 1.00
258.00, 450.09, 1.00
260.50, 448.34, 1.00
262.80, 446.49, 1.00
264.87, 444.58, 1.00
266.68, 442.64, 1.00
268.18, 440.71, 1.00
269.36, 438.85, 1.00
270.20, 437.08, 1.00
270.69, 435.47, 1.00
270.84, 434.04, 1.00
270.64, 432.83, 1.00
270.12, 431.89, 1.00
269.29, 431.24, 1.00
268.18, 430.92, 1.00
266.81, 430.93, 1.00
265.23, 431.29, 1.00
263.47, 432.01, 1.00
261.57, 433.09, 1.00
259.59, 434.52, 1.00
257.55, 436.28, 1.00
255.51, 438.36, 1.00
253.51, 440.72, 1.00
251.59, 443.33, 1.00
249.78, 446.14, 1.00
248.11, 449.12, 1.00
246.63, 452.21, 1.00
245.34, 455.35, 1.00
244.26, 458.50, 1.00
243.41, 461.60, 1.00
242.78, 464.59, 1.00
242.38, 467.42, 1.00
242.20, 470.03, 1.00
242.22, 472.39, 1.00
242.43, 474.44, 1.00
242.79, 476.14, 1.00
243.29, 477.48, 1.00
243.88, 478.42, 1.00
244.54, 478.94, 1.00
245.22, 479.03, 1.00
245.90, 478.70, 1.00
246.52, 477.94, 1.00
247.06, 476.78, 1.00
247.49, 475.24, 1.00
247.77, 473.33, 1.00
247.88, 471.11, 1.00
247.79, 468.61, 1.00
247.49, 465.87, 1.00
246.96, 462.94, 1.00
246.21, 459.89, 1.00
245.23, 456.76, 1.00
244.04, 453.60, 1.00
242.63, 450.49, 1.00
241.05, 447.46, 1.00
239.30, 444.57, 1.00
237.42, 441.86, 1.00
235.45, 439.39, 1.00
233.43, 437.18, 1.00
231.38, 435.28, 1.00
229.37, 433.70, 1.00
227.43, 432.47, 1.00
225.61, 431.59, 1.00
223.95, 431.07, 1.00
222.49, 430.91, 1.00
221.26, 431.09, 1.00
220.30, 431.60, 1.00
219.64, 432.42, 1.00
219.30, 433.51, 1.00
219.30, 434.84, 1.00
219.65, 436.38, 1.00
220.34, 438.09, 1.00
221.37, 439.91, 1.00
222.74, 441.82, 1.00
224.41, 443.76, 1.00
226.37, 445.69, 1.00
228.58, 447.57, 1.00
231.01, 449.37, 1.00
233.60, 451.04, 1.00
236.31, 452.57, 1.00
239.09, 453.93, 1.00
241.88, 455.09, 1.00
244.64, 456.06, 1.00
247.29, 456.81, 1.00
249.80, 457.36, 1.00
252.11, 457.71, 1.00
254.17, 457.87, 1.00
255.93, 457.86, 1.00
257.36, 457.70, 1.00
258.42, 457.42, 1.00
259.09, 457.06, 1.00
259.35, 456.65, 1.00
259.18, 456.22, 1.00
258.58, 455.81, 1.00
257.56, 455.46, 1.00
256.13, 455.21, 1.00
254.31, 455.09, 1.00
252.13, 455.13, 1.00
249.61, 455.36, 1.00
246.82, 455.81, 1.00
243.77, 456.49, 1.00
240.54, 457.41, 1.00
237.17, 458.59, 1.00
233.72, 460.03, 1.00
230.24, 461.71, 1.00
226.80, 463.63, 1.00
223.44, 465.76, 1.00
220.23, 468.09, 1.00
217.22, 470.58, 1.00
214.44, 473.19, 1.00
211.95, 475.90, 1.00
209.78, 478.66, 1.00
207.96, 481.41, 1.00
206.51, 484.12, 1.00
205.45, 486.75, 1.00
204.79, 489.24, 1.00
204.52, 491.54, 1.00
204.64, 493.63, 1.00
205.13, 495.46, 1.00
205.99, 497.00, 1.00
207.17, 498.22, 1.00
208.65, 499.10, 1.00
210.39, 499.62, 1.00
212.35, 499.78, 1.00
214.50, 499.58, 1.00
216.78, 499.01, 1.00
219.15, 498.10, 1.00
221.57, 496.86, 1.00
224.00, 495.32, 1.00
226.39, 493.52, 1.00
228.70, 491.49, 1.00
230.92, 489.27, 1.00
233.00, 486.92, 1.00
234.92, 484.48, 1.00
236.67, 482.01, 1.00
238.23, 479.55, 1.00
239.60, 477.16, 1.00
240.78, 474.89, 1.00
241.78, 472.79, 1.00
242.61, 470.90, 1.00
243.28, 469.27, 1.00
243.82, 467.92, 1.00
244.25, 466.88, 1.00
244.60, 466.19, 1.00
244.90, 465.84, 1.00
364.00, 154.00, 0.50
364.14, 154.22, 0.50
364.25, 154.48, 0.50
364.33, 154.76, 0.50
364.38, 155.06, 0.50
364.39, 155.38, 0.50
364.36, 155.71, 0.50
364.28, 156.05, 0.50
364.16, 156.40, 0.50
363.99, 156.73, 0.50
363.77, 157.06, 0.50
363.50, 157.38, 0.50
363.19, 157.67, 0.50
362.83, 157.93, 0.50
362.44, 158.15, 0.50
362.00, 158.34, 0.50
361.53, 158.48, 0.50
361.03, 158.56, 0.50
360.51, 158.59, 0.50
359.97, 158.56, 0.50
359.42, 158.47, 0.50
358.87, 158.31, 0.50
358.32, 158.08, 0.50
357.79, 157.79, 0.50
357.28, 157.43, 0.50
356.80, 157.00, 0.50
356.36, 156.51, 0.50
355.97, 155.96, 0.50
355.63, 155.35, 0.50
355.35, 154.70, 0.50
355.14, 154.00, 0.50
355.00, 153.26, 0.50
354.94, 152.50, 0.50
354.97, 151.72, 0.50
355.09, 150.92, 0.50
355.29, 150.13, 0.50
355.59, 149.34, 0.50
355.98, 148.58, 0.50
356.46, 147.84, 0.50
357.02, 147.15, 0.50
357.68, 146.51, 0.50
358.41, 145.93, 0.50
359.21, 145.42, 0.50
360.09, 145.00, 0.50
361.02, 144.66, 0.50
362.00, 144.43, 0.50
363.02, 144.29, 0.50
364.07, 144.27, 0.50
365.13, 144.36, 0.50
366.20, 144.56, 0.50
367.26, 144.89, 0.50
368.30, 145.33, 0.50
369.30, 145.90, 0.50
370.25, 146.57, 0.50
371.14, 147.36, 0.50
371.95, 148.26, 0.50
372.67, 149.25, 0.50
373.30, 150.33, 0.50
373.81, 151.49, 0.50
374.21, 152.72, 0.50
374.48, 154.00, 0.50
374.61, 155.32, 0.50
374.59, 156.68, 0.50
374.44, 158.04, 0.50
374.13, 159.40, 0.50
373.68, 160.74, 0.50
373.07, 162.05, 0.50
372.32, 163.30, 0.50
371.43, 164.48, 0.50
370.41, 165.57, 0.50
369.26, 166.57, 0.50
367.99, 167.45, 0.50
366.61, 168.20, 0.50
365.15, 168.81, 0.50
363.60, 169.27, 0.50
362.00, 169.56, 0.50
360.35, 169.69, 0.50
358.68, 169.64, 0.50
356.99, 169.41, 0.50
355.32, 169.00, 0.50
353.68, 168.40, 0.50
352.10, 167.63, 0.50
350.58, 166.68, 0.50
349.15, 165.57, 0.50
347.84, 164.29, 0.50
346.65, 162.86, 0.50
345.61, 161.30, 0.50
344.72, 159.61, 0.50
344.01, 157.82, 0.50
343.49, 155.95, 0.50
343.16, 154.00, 0.50
343.04, 152.01, 0.50
343.13, 149.99, 0.50
343.44, 147.97, 0.50
343.96, 145.97, 0.50
344.70, 144.01, 0.50
345.66, 142.13, 0.50
346.82, 140.33, 0.50
348.18, 138.65, 0.50
349.72, 137.10, 0.50
351.44, 135.71, 0.50
353.31, 134.49, 0.50
355.33, 133.46, 0.50
357.46, 132.65, 0.50
359.69, 132.06, 0.50
362.00, 131.70, 0.50
364.36, 131.59, 0.50
366.74, 131.72, 0.50
369.11, 132.11, 0.50
371.46, 132.76, 0.50
373.75, 133.65, 0.50
375.95, 134.80, 0.50
378.05, 136.18, 0.50
380.00, 137.79, 0.50
381.79, 139.62, 0.50
383.40, 141.64, 0.50
384.80, 143.85, 0.50
385.97, 146.21, 0.50
386.90, 148.71, 0.50
387.56, 151.31, 0.50
387.95, 154.00, 0.50
388.06, 156.74, 0.50
387.87, 159.50, 0.50
387.40, 162.25, 0.50
386.62, 164.96, 0.50
385.56, 167.60, 0.50
384.22, 170.14, 0.50
382.60, 172.55, 0.50
380.72, 174.79, 0.50
378.59, 176.84, 0.50
376.24, 178.67, 0.50
373.69, 180.26, 0.50
370.96, 181.59, 0.50
368.08, 182.63, 0.50
365.09, 183.36, 0.50
362.00, 183.79, 0.50
358.86, 183.89, 0.50
355.70, 183.65, 0.50
352.55, 183.08, 0.50
349.45, 182.18, 0.50
346.45, 180.94, 0.50
343.56, 179.38, 0.50
340.83, 177.51, 0.50
338.29, 175.35, 0.50
335.97, 172.91, 0.50
333.90, 170.22, 0.50
332.11, 167.31, 0.50
330.62, 164.19, 0.50
329.46, 160.92, 0.50
328.65, 157.51, 0.50
328.19, 154.00, 0.50
328.10, 150.44, 0.50
328.39, 146.85, 0.50
329.06, 143.30, 0.50
330.10, 139.80, 0.50
331.52, 136.40, 0.50
333.30, 133.15, 0.50
335.43, 130.07, 0.50
337.89, 127.22, 0.50
340.65, 124.62, 0.50
343.70, 122.30, 0.50
347.00, 120.31, 0.50
350.52, 118.65, 0.50
354.21, 117.37, 0.50
358.06, 116.47, 0.50
362.00, 115.97, 0.50
366.01, 115.90, 0.50
370.03, 116.24, 0.50
374.02, 117.01, 0.50
377.94, 118.21, 0.50
381.74, 119.82, 0.50
385.37, 121.83, 0.50
388.80, 124.23, 0.50
391.98, 127.00, 0.50
394.88, 130.11, 0.50
397.45, 133.53, 0.50
399.67, 137.23, 0.50
401.50, 141.17, 0.50
402.91, 145.30, 0.50
403.90, 149.60, 0.50
404.42, 154.00, 0.50
404.67, 156.24, 0.50
404.79, 158.50, 0.50
404.79, 160.78, 0.50
404.68, 163.07, 0.50
404.44, 165.37, 0.50
404.07, 167.67, 0.50
403.58, 169.96, 0.50
402.97, 172.24, 0.50
402.23, 174.50, 0.50
401.37, 176.73, 0.50
400.39, 178.93, 0.50
399.28, 181.09, 0.50
398.05, 183.19, 0.50
396.71, 185.25, 0.50
395.24, 187.24, 0.50
393.67, 189.17, 0.50
391.98, 191.02, 0.50
390.19, 192.79, 0.50
388.29, 194.48, 0.50
386.29, 196.07, 0.50
384.20, 197.57, 0.50
382.02, 198.96, 0.50
379.75, 200.25, 0.50
377.41, 201.42, 0.50
374.99, 202.47, 0.50
372.50, 203.39, 0.50
369.95, 204.19, 0.50
367.34, 204.86, 0.50
364.69, 205.39, 0.50
362.00, 205.79, 0.50
359.27, 206.04, 0.50
356.52, 206.15, 0.50
353.74, 206.12, 0.50
350.96, 205.93, 0.50
348.17, 205.60, 0.50
345.39, 205.12, 0.50
342.62, 204.49, 0.50
339.87, 203.71, 0.50
337.15, 202.78, 0.50
334.46, 201.70, 0.50
331.82, 200.47, 0.50
329.23, 199.10, 0.50
326.71, 197.58, 0.50
324.25, 195.92, 0.50
321.87, 194.13, 0.50
319.57, 192.20, 0.50
317.37, 190.14, 0.50
315.27, 187.95, 0.50
313.27, 185.64, 0.50
311.38, 183.22, 0.50
309.62, 180.69, 0.50
307.98, 178.05, 0.50
306.48, 175.31, 0.50
305.11, 172.48, 0.50
303.89, 169.57, 0.50
302.81, 166.58, 0.50
301.89, 163.52, 0.50
301.13, 160.39, 0.50
300.53, 157.22, 0.50
300.10, 154.00, 0.50
299.84, 150.74, 0.50
299.74, 147.45, 0.50
299.82, 144.15, 0.50
300.08, 140.84, 0.50
300.51, 137.52, 0.50
301.12, 134.22, 0.50
301.91, 130.93, 0.50
302.87, 127.67, 0.50
304.01, 124.45, 0.50
305.33, 121.28, 0.50
306.82, 118.16, 0.50
308.48, 115.11, 0.50
310.31, 112.14, 0.50
312.30, 109.25, 0.50
314.46, 106.45, 0.50
316.77, 103.76, 0.50
319.23, 101.18, 0.50
321.84, 98.72, 0.50
324.59, 96.39, 0.50
327.47, 94.19, 0.50
330.49, 92.14, 0.50
333.62, 90.24, 0.50
336.86, 88.50, 0.50
340.21, 86.92, 0.50
343.65, 85.51, 0.50
347.19, 84.29, 0.50
350.80, 83.24, 0.50
354.48, 82.38, 0.50
358.22, 81.71, 0.50
358.22, 91.77, 1.00
358.52, 91.95, 1.00
358.86, 92.48, 1.00
359.27, 93.36, 1.00
359.77, 94.56, 1.00
360.39, 96.07, 1.00
361.15, 97.84, 1.00
362.08, 99.84, 1.00
363.19, 102.03, 1.00
364.49, 104.36, 1.00
365.97, 106.79, 1.00
367.65, 109.25, 1.00
369.50, 111.70, 1.00
371.52, 114.08, 1.00
373.69, 116.35, 1.00
375.97, 118.46, 1.00
378.34, 120.36, 1.00
380.75, 122.00, 1.00
383.19, 123.37, 1.00
385.59, 124.42, 1.00
387.92, 125.13, 1.00
390.13, 125.48, 1.00
392.18, 125.47, 1.00
394.03, 125.10, 1.00
395.63, 124.37, 1.00
396.95, 123.29, 1.00
397.95, 121.87, 1.00
398.60, 120.16, 1.00
398.89, 118.17, 1.00
398.80, 115.95, 1.00
398.30, 113.52, 1.00
397.42, 110.94, 1.00
396.13, 108.26, 1.00
394.47, 105.51, 1.00
392.45, 102.74, 1.00
390.10, 100.00, 1.00
387.44, 97.33, 1.00
384.52, 94.77, 1.00
381.39, 92.36, 1.00
378.09, 90.13, 1.00
374.68, 88.11, 1.00
371.21, 86.32, 1.00
367.74, 84.77, 1.00
364.32, 83.47, 1.00
361.02, 82.43, 1.00
357.88, 81.64, 1.00
354.97, 81.08, 1.00
352.32, 80.75, 1.00
349.98, 80.63, 1.00
348.00, 80.68, 1.00
346.39, 80.87, 1.00
345.18, 81.18, 1.00
344.39, 81.56, 1.00
344.03, 81.98, 1.00
344.10, 82.41, 1.00
344.59, 82.79, 1.00
345.48, 83.11, 1.00
346.74, 83.32, 1.00
348.36, 83.39, 1.00
350.29, 83.31, 1.00
352.49, 83.05, 1.00
354.91, 82.59, 1.00
357.51, 81.92, 1.00
360.22, 81.05, 1.00
363.00, 79.97, 1.00
365.79, 78.69, 1.00
368.54, 77.23, 1.00
371.18, 75.62, 1.00
373.68, 73.87, 1.00
375.99, 72.02, 1.00
378.06, 70.11, 1.00
379.86, 68.16, 1.00
381.36, 66.24, 1.00
382.54, 64.37, 1.00
383.38, 62.61, 1.00
383.88, 60.99, 1.00
384.02, 59.57, 1.00
383.83, 58.36, 1.00
383.31, 57.42, 1.00
382.47, 56.77, 1.00
381.36, 56.44, 1.00
379.99, 56.45, 1.00
378.41, 56.82, 1.00
376.65, 57.54, 1.00
374.76, 58.62, 1.00
372.77, 60.05, 1.00
370.74, 61.81, 1.00
368.70, 63.89, 1.00
366.69, 66.25, 1.00
364.77, 68.86, 1.00
362.96, 71.67, 1.00
361.30, 74.65, 1.00
359.81, 77.74, 1.00
358.52, 80.88, 1.00
357.44, 84.03, 1.00
356.59, 87.13, 1.00
355.97, 90.12, 1.00
355.57, 92.94, 1.00
355.39, 95.56, 1.00
355.41, 97.91, 1.00
355.61, 99.96, 1.00
355.98, 101.67, 1.00
356.47, 103.01, 1.00
357.07, 103.94, 1.00
357.72, 104.47, 1.00
358.41, 104.56, 1.00
359.08, 104.23, 1.00
359.71, 103.47, 1.00
360.25, 102.31, 1.00
360.68, 100.77, 1.00
360.96, 98.86, 1.00
361.06, 96.64, 1.00
360.97, 94.13, 1.00
360.67, 91.40, 1.00
360.15, 88.47, 1.00
359.40, 85.42, 1.00
358.42, 82.29, 1.00
357.22, 79.13, 1.00
355.82, 76.01, 1.00
354.23, 72.98, 1.00
352.48, 70.09, 1.00
350.61, 67.39, 1.00
348.64, 64.92, 1.00
346.61, 62.71, 1.00
344.57, 60.81, 1.00
342.56, 59.23, 1.00
340.62, 58.00, 1.00
338.80, 57.12, 1.00
337.13, 56.60, 1.00
335.67, 56.44, 1.00
334.44, 56.62, 1.00
333.49, 57.13, 1.00
332.83, 57.95, 1.00
332.49, 59.04, 1.00
332.49, 60.37, 1.00
332.83, 61.91, 1.00
333.52, 63.62, 1.00
334.56, 65.44, 1.00
335.92, 67.35, 1.00
337.60, 69.28, 1.00
339.56, 71.22, 1.00
341.77, 73.10, 1.00
344.19, 74.89, 1.00
346.78, 76.57, 1.00
349.49, 78.10, 1.00
352.27, 79.46, 1.00
355.07, 80.62, 1.00
357.82, 81.59, 1.00
360.48, 82.34, 1.00
362.99, 82.89, 1.00
365.30, 83.24, 1.00
367.35, 83.40, 1.00
369.12, 83.38, 1.00
370.54, 83.23, 1.00
371.61, 82.95, 1.00
372.28, 82.59, 1.00
372.53, 82.17, 1.00
372.36, 81.74, 1.00
371.77, 81.34, 1.00
370.75, 80.99, 1.00
369.32, 80.74, 1.00
367.50, 80.61, 1.00
365.31, 80.66, 1.00
362.80, 80.89, 1.00
360.00, 81.33, 1.00
356.96, 82.02, 1.00
353.73, 82.94, 1.00
350.35, 84.12, 1.00
346.90, 85.56, 1.00
343.43, 87.24, 1.00
339.98, 89.15, 1.00
336.63, 91.29, 1.00
333.42, 93.62, 1.00
330.40, 96.11, 1.00
327.63, 98.72, 1.00
325.14, 101.43, 1.00
322.97, 104.18, 1.00
321.15, 106.94, 1.00
319.70, 109.65, 1.00
318.64, 112.28, 1.00
317.97, 114.76, 1.00
317.70, 117.07, 1.00
317.82, 119.16, 1.00
318.32, 120.99, 1.00
319.17, 122.53, 1.00
320.35, 123.75, 1.00
321.83, 124.63, 1.00
323.57, 125.15, 1.00
325.54, 125.31, 1.00
327.68, 125.10, 1.00
329.96, 124.54, 1.00
332.33, 123.62, 1.00
334.76, 122.39, 1.00
337.18, 120.85, 1.00
339.57, 119.04, 1.00
341.89, 117.01, 1.00
344.10, 114.80, 1.00
346.18, 112.45, 1.00
348.10, 110.01, 1.00
349.85, 107.54, 1.00
351.42, 105.08, 1.00
352.79, 102.69, 1.00
353.97, 100.42, 1.00
354.97, 98.32, 1.00
355.79, 96.43, 1.00
356.46, 94.80, 1.00
357.00, 93.45, 1.00
357.43, 92.41, 1.00
357.78, 91.71, 1.00
358.09, 91.37, 1.00
